DisplayName = 2K12 "Kub"
;same as 2k22 tungi
MaxHp = 200
Speed = 0.4
Sound = tthirtyfour
ThrottleUpDown = 2.0
MobilityRoll = 0
Gravity = -0.61
GravityInWater = -1.0
DamageFactor = 0.8
EnableNightVision = false
CameraRotationSpeed = 15
CameraZoom = 0
StepHeight = 1.8
DefaultFreelook = true
HideEntity = true
CameraPosition = 0.0, 5.5, 0.16, true
MinRotationPitch = -50
MaxRotationPitch = 0

Category = SAM/SPAA

MobilityYawOnGround = 2.5

HUD = mbt_hud

SubmergedDamageHeight = 1

OnGroundPitchFactor = 2.0
OnGroundRollFactor  = 1.9

HideEntity = true

WeightType = Tank


AddGunnerSeat = 0.34, 0.6, 1.0843, 0.0, 1.6, 0.0, true, -90, 90

unmountposition = 0.34, 1.5, 1.0843

AddPartCanopy = 0.33, 1.39, 1.93, -1,0,0,  55

AddCrawlerTrack = true, 0.17, -1.85,  -0.275/1.55, 0.15/2.38, 0.22/2.495, 0.33/2.56000, 0.58/2.495, 0.642/2.38, 0.61/-3.47, 0.54/-3.61000, 0.4/-3.68, 0.11/-3.61,  -0.275/-2.78, -0.275/1.35
AddCrawlerTrack = true, 0.17, 1.85,  -0.275/1.55, 0.15/2.38, 0.22/2.495, 0.33/2.56000, 0.58/2.495, 0.642/2.38, 0.61/-3.47, 0.54/-3.61000, 0.4/-3.68, 0.11/-3.61, -0.275/-2.78, -0.275/1.35

SetWheelPos =  1.35,  -0.24,  1.44, 0.5416, -0.33, -1.10, -1.89, -2.68

AddTrackRoller = -1.72, 0.3958, 2.3127
AddTrackRoller = -1.73, 0.0976, 1.4486
AddTrackRoller = -1.73, 0.0976, 0.5416
AddTrackRoller = -1.73, 0.0976, -0.3367
AddTrackRoller = -1.73, 0.0976, -1.108
AddTrackRoller = -1.73, 0.0976, -1.8939
AddTrackRoller = -1.73, 0.0976, -2.6811
AddTrackRoller = -1.71, 0.3227, -3.3939

AddTrackRoller = 1.72, 0.3958, 2.3127
AddTrackRoller = 1.73, 0.0976, 1.4486
AddTrackRoller = 1.73, 0.0976, 0.5416
AddTrackRoller = 1.73, 0.0976, -0.3367
AddTrackRoller = 1.73, 0.0976, -1.108
AddTrackRoller = 1.73, 0.0976, -1.8939
AddTrackRoller = 1.73, 0.0976, -2.6811
AddTrackRoller = 1.71, 0.3227, -3.3939


AddWeapon = 3m9,  1.1361, 3, -1.1342,  0.0, 0.0, true,1, 0,-360,360, -50, 0
AddWeapon = 3m9,  0.00, 3, -1.1342,  0.0, 0.0, true,1, 0,-360,360, -50, 0
AddWeapon = 3m9,  -1.1382, 3, -1.1342,  0.0, 0.0, true,1, 0,-360,360, -50, 0
AddPartWeapon = 3m9, false, true, false,  0.00, 1.46, 0.16
AddPartWeaponChild = false, true, 0.00, 1.9315, -1.2878

EnableBack = true

MotionFactor = 0.9

ArmorMinDamage = 15
;ArmorMaxDamage = 250
;ArmorDamageFactor = 0.98

MaxFuel         = 1000
FuelConsumption = 2.0

;light tracked spaa (modern)
AddRecipe = "ABC", "DEF", "   ", A, mcheli:lightchassis, B, mcheli:rocket, C, mcheli:engine3, D, mcheli:tanktracks, E, mcheli:lap, F, mcheli:electronics

BoundingBox =  0.0, 2.5, 0.16,   3.0, 1.0,   2.00

BoundingBox =  0.0, 0.7, 0.0,   3.5, 1.4,     1.0
BoundingBox =  0.0, 0.9, -2,   3.5, 1.4,      1.0
BoundingBox =  0.0, 0.25, 0.95,   3.4, 0.2,   1.0
BoundingBox =  0.0, 0.3, 0.95,   3.4, 0.2,    1.0

BoundingBox =  0.0, 0.5, 1.00,   3.4, 0.2,    1.0
BoundingBox =  0.0, 0.7, 1.10,   3.4, 0.2,    1.0
BoundingBox =  0.0, 0.9, 0.65,   3.4, 0.2,    1.0
BoundingBox =  0.0, 1.1, 0.55,   3.4, 0.2,    1.0
BoundingBox =  0.0, 1.3, 0.45,   3.4, 0.2,    1.0

BoundingBox =  0.0, 1.1, -2.6,   3.5, 1.0,      1.0

