DisplayName = Yakovlev Yak-38 with Kh-23M
AddDisplayName = en_US, Yakovlev Yak-38 with Kh-23M
AddDisplayName = ru_RU, ЯК-38 (2 Ракеты Х-23)
MaxHp = 100
EnableNightVision = false
EnableEntityRadar = false
EnableEjectionSeat = true
Speed = 1.392
FlareType = 4
ParticlesScale = 0.7
EnableSeaSurfaceParticle = true
MaxFuel         = 900
FuelConsumption = 1.5
;Stealth = 0
EnableVtol = true
VtolYaw = 0.65
VtolPitch = 0.45
ThirdPersonDist = 16
MotionFactor = 0.97
ThrottleUpDown = 0.3
EntityWidth = 0.9
EntityHeight = 0.9

MobilityRoll = 1.8
Category = M.F

HUD = plane

AddSeat = 0.00,  1.09,  -0.06

sound = yakthirtyeight

enableback = true

unmountposition = 0.00,  1.59,  -0.06

DamageFactor = 0.8

;vtol system (rotor0-4 is dummy)
AddPartRotor =   0,0,0,  0,0,-1, 0
AddBlade = 1,0,  0.00,  0.73, -2.4067,  0,1,0
AddPartRotor =  0,0,0,  0,0,-1,  0
AddBlade = 1,0,  0.00,  0.73, -3.3810,  0,1,0
AddPartRotor =   0,0,0,  0,0,-1, 0
AddBlade = 1,0,  0.00,  2.488, -2.4067,  0,1,0
AddPartRotor =  0,0,0,  0,0,-1,  0
AddBlade = 1,0,  0.00,  2.488, -3.3810,  0,1,0
AddPartRotor =   0.4362, 0.7114, -2.86715,  0,0,-1, -90
AddPartRotor =  -0.4362, 0.7114, -2.86715,  0,0,-1,  90
AddPartRotor =   0.00,  2.5631, -3.9581,  -1,0,0, 60
AddPartNozzle = 0.5187, 1.1251, -9.1909, -1,0,0
AddPartNozzle = -0.5187, 1.1251, -9.1909, -1,0,0
AddPartWing = -2.5531,  1.65, -7.587,  0,0,   -1, 110
AddPartWing =  2.5531,  1.65, -7.587,  0,0,    1, 110
AddPartLG    =  0.000, 1.0855,-0.5136,   -1.00, 0.000, 0.00, 80
AddPartLG    = -0.8369, 1.2777, -7.3264,    -1,0, -0.05, 90,  0, 1,0, 90
AddPartLG    = 0.8369, 1.2777, -7.3264,    -1,0, -0.05, 90,  0, -1,0, 90
AddWeapon = yakx-23,    1.4657,  1.306, -4.2985,   0.0,  0.0
AddWeapon = yakx-23,    -1.4657,  1.306, -4.2985,   0.0,  0.0
AddPartWeaponMissile = yakx-23, false,false,false, 1.4657,  1.306, -4.2985
AddPartWeaponMissile = yakx-23, false,false,false, -1.4657,  1.306, -4.2985

AddWeapon = targeting_pod_ph75s,  0.00, 3.0, 0.3,    0.0, 0.0

AddRecipe = "ABC", "DE ", "GB ", A, mcheli:airframe, B, mcheli:advancedmechanicparts, C, mcheli:engine2, D, mcheli:wheelair, E, mcheli:fcs2, G, mcheli:electronics

AddRecipe = "AB ", "   ", "   ", A, mcheli:yak38, B, mcheli:fcs2

AddRecipe = "AB ", "   ", "   ", A, mcheli:yak38_upk, B, mcheli:fcs2

AddRecipe = "AB ", "   ", "   ", A, mcheli:yak38_r60, B, mcheli:fcs2

BoundingBox =  0.00, 1.37,  1.21,  1.1, 1.1

BoundingBox =  0.00, 1.35, 0.10,  1.2, 1.2
BoundingBox =  0.00, 1.65, -1.45,  2.0, 1.8
BoundingBox =  0.00, 1.65, -3.45,  2.0, 1.8
BoundingBox =  0.00, 1.65, -5.45,  2.0, 1.8
BoundingBox =  0.00, 1.65, -7.45,  2.0, 1.8
BoundingBox =  0.00, 1.65, -9.35,  1.8, 1.8
BoundingBox =  0.00, 1.75, -11.1,  1.7, 1.4
BoundingBox =  0.00, 1.95, -12.55,  1.4, 1.0


BoundingBox = -1.84, 1.8, -7.57,  2.1, 0.3
BoundingBox =  1.84, 1.8, -7.57,  2.1, 0.3

BoundingBox = 0.65, 2.2, -13.75, 1.0, 0.3
BoundingBox = -0.65, 2.2, -13.75, 1.0, 0.3

BoundingBox = -3.34, 1.5, -8.07,  1.5, 0.3
BoundingBox =  3.34, 1.5, -8.07,  1.5, 0.3

BoundingBox = -1.64, 1.5, -6.07,  1.5, 0.3
BoundingBox =  1.64, 1.5, -6.07,  1.5, 0.3

BoundingBox = 1.55, 2.0, -13.75, 0.8, 0.3
BoundingBox = -1.55, 2.0, -13.75, 0.8, 0.3


BoundingBox = 0.0, 2.3, -10.61, 0.5, 1.5
BoundingBox = 0.0, 2.4, -11.11, 0.5, 1.5
BoundingBox = 0.0, 2.7, -11.61, 0.5, 1.5
BoundingBox = 0.0, 3.0, -12.11, 0.5, 1.5
BoundingBox = 0.0, 3.2, -12.61, 0.5, 1.5
BoundingBox = 0.0, 3.4, -13.11, 0.5, 2.1
BoundingBox = 0.0, 3.6, -13.61, 0.5, 2.3
BoundingBox = 0.0, 4.0, -14.11, 0.5, 2.0
BoundingBox = 0.0, 4.2, -14.61, 0.5, 1.3


;BoundingBox =  0.00, 2.20, -9.80,  2.0, 1.5

RotorSpeed = 2000.0
DamageFactor = 0.8